1.23649330803
0.8552037226
0.910066898098
0.830203168749
0.416843133681
0.604228410365
0.996890869691
0.943210744911
0.941439454557
1.30932689517
0.709433099244
1.17579164193
1.09993957343
1.28605722998
0.984329477182
1.19402937483
1.12223758392
1.01643179332
1.00553449814
0.697290958971
0.920935747975
1.25760231085
0.26092013171
0.963588077664
1.37054099125
0.602133701169
1.37316342862
1.79762144374
0.64385367923
0.959326959855
1.29164184788
1.1498541382
1.06353149945
1.35223207904
1.19309903854
0.50931149117
0.624133399998
1.41506419405
1.44734353249
1.23290292907
1.15165163085
1.00402849365
1.06126173008
1.02101599888
0.796987054534
0.749339316644
1.93346169913
0.615080537451
1.18168816897
1.0855557181
0.865503454213
1.24577708089
0.82785774787
1.04248431228
1.22200409448
0.693567520829
1.13517026085
0.791487556895
1.04525793093
0.629435788679
