0.89305561953
0.913065785788
0.580652218104
1.05400001611
1.15023176179
0.654238864336
1.63760033731
0.872657389402
0.666411131039
1.29192464206
1.16460518857
0.791169218818
1.04652752764
1.31342533101
0.816665084299
1.0755123944
1.14251036651
1.03761623293
1.28800457705
0.783268578811
1.53713376516
0.980553277969
0.736560268493
0.764489896253
0.941898730396
0.951295832658
1.36028728179
1.13137619774
0.557002821642
0.989526927194
1.21930525843
0.926085675728
1.32107205406
0.982723426567
0.70225821848
1.25249587732
0.665209169687
1.22954655158
0.693974774102
0.622654676836
0.808642488292
0.710691793429
1.79899030532
0.810548205206
0.448346281222
1.33535516119
0.793213966503
0.614629219684
1.08505245165
0.841980205742
0.8347753871
1.2502184098
1.22636966798
0.946145305408
1.04374329622
0.94002612745
0.858578860528
1.80503201482
0.764161951097
0.571373899033
1.07265662456
0.948862745027
1.02908926709
0.775324212115
0.79679628256
1.62832511926
1.67952408026
