973.987710762
990.589482837
968.881755169
901.123119361
916.516150243
936.431496127
751.429047361
975.803118456
907.991926434
918.182478002
924.875503998
831.681914037
1001.83560661
891.52373937
915.925822203
910.829037742
901.291165114
976.056780119
983.235074618
1044.79733085
870.927260337
861.016543523
1015.43761227
1005.16281414
852.284033145
792.620227157
1006.71685405
908.179586789
949.01486763
1072.19537936
980.455554321
945.864189316
911.277117495
859.695467534
902.50885843
911.10972066
958.204818464
857.512664891
813.88039271
876.111062623
926.348465128
1024.56789397
964.2817387
1106.14951624
903.876931746
991.244887927
934.724693367
974.652182125
955.50789224
910.776464682
841.448182197
893.230774158
987.566306631
895.883381141
911.46050212
1018.19619371
864.464833343
906.777378873
935.750313269
950.584284553
