930.691643851
870.766768434
1020.87483475
891.479771236
839.669826783
936.443118837
936.27408472
941.607144475
821.548812903
904.206886444
907.235977006
999.308198149
928.470643995
959.14114969
917.704755386
775.193751173
934.774866797
821.569650477
929.689377813
949.678725435
851.113102767
868.006050211
940.144987472
863.87286091
939.493898975
988.035858083
958.470508056
911.385295588
850.520329108
892.715348012
921.39752891
918.64036062
837.681571839
951.861755444
932.797402851
898.541641881
889.296189005
934.806378321
914.052740961
912.759940422
875.401697551
973.031343904
956.327168375
982.882403712
1103.28904104
877.831143027
835.487129735
799.786942175
996.98445935
982.479769084
949.796890219
953.362793455
874.02297487
987.587144704
975.478582114
920.886900846
963.824549732
989.952703644
1016.44126263
802.291425352
918.407896469
956.668333943
905.572500816
878.748036299
835.582261656
831.387873004
816.07138757
