0.0139245222719
0.0144640487633
0.0139708378326
0.0148043474671
0.0144851739233
0.0144897604071
0.014690038078
0.014188705439
0.0143079443905
0.0149975575697
0.0140866762513
0.0145374295647
0.0152497715947
0.014908421466
0.015370417747
0.0151246337463
0.0143475307672
0.0146934158841
0.0154934396879
0.015088976228
0.0141569712432
0.0139270895884
0.0138216055579
0.0147332250465
0.0150736491247
0.0144222170425
0.0150314517268
0.0138027942856
0.0145377505076
0.0156049296802
0.0141694135364
0.0145136473832
0.0139580598824
0.0144926576243
0.0154764753666
0.0135178050611
0.0148848141469
0.0145622535672
0.0136115706858
0.0148371509028
0.0145988839126
0.0145764128253
0.0143622476692
0.0147459681788
0.0144557279503
0.0149766767661
0.0145451582245
0.0139795597351
0.0141294353301
0.0137902804286
0.014311409872
0.0147569146989
0.0146546864107
0.0145408528396
0.0134876432549
0.0146803920763
0.0144382132244
0.0146768546591
0.0146295104352
