0.964097211027
1.59138256117
1.11031992202
0.88441252247
0.682141959506
0.559540062048
1.17203897055
0.678698647464
1.52546717715
1.53137398884
0.762112444236
0.346898940673
1.2819866717
1.02114737892
1.27367324584
0.73611354229
0.933712367338
1.11171319875
0.875893471683
1.36633754227
0.886577070821
1.24112552822
0.955682801106
1.07331351114
1.0817151039
0.913442600724
0.821665496992
0.821251460437
1.33512087039
1.13665497513
1.10487869878
1.44174427192
1.38177438455
0.860153658286
0.977804016412
1.47520622169
0.859772691999
0.68999723982
1.39976463781
0.845653364134
1.55715163956
1.01539317162
1.00008960525
1.28350314008
1.50182437739
1.02274665403
0.466324925253
0.699503145948
1.39510671661
1.1858229973
0.60479679968
1.66970299267
1.26798214212
1.15627239959
0.845789528913
1.17239487592
0.80296759828
1.01977170825
1.27771924166
0.827618559582
1.41926553026
1.18755665887
1.27561818775
0.772066432608
1.01636927017
0.659938791041
0.815775695133
0.696133672441
1.1915542178
0.955471320102
2.12414350646
1.11357499908
1.45779623924
0.665170333923
0.885867801411
1.03645613503
0.78444015956
0.695914937334
1.34733478576
0.892313260412
0.938658482067
0.835013273625
1.02640422554
0.911930822869
1.0088673607
0.752993303465
0.499058597498
1.3604451114
1.30635770236
1.08363056998
