1.62053209777
1.08456209141
1.60119827937
0.805431363545
1.1447053484
1.00949840138
1.06407300693
1.11239928912
0.823008842389
0.914175480216
0.922435047904
1.04028660771
0.838204931803
0.914681813171
0.856216411173
0.435992568647
0.964189517604
0.926521924266
1.2397879757
1.01927743965
1.15744855218
0.839105759265
0.56937260819
2.0071988053
1.75033769152
0.703787401754
0.802071579192
0.528566517414
1.20085561666
1.10469372185
0.933606827395
1.07897536571
1.14591392646
0.691654535084
0.707729819884
1.17352509554
0.996201823773
1.055371223
0.82342084876
0.431328361538
1.68761888303
1.07324504545
0.993838120297
0.938249757416
0.892018979293
1.01755463657
0.697004761691
0.837501395875
0.806411688485
0.693942211512
0.829883901563
0.937542970325
1.2371658945
1.30529636445
1.1783934369
1.85547517193
1.38135493031
0.471378611063
1.0310750573
0.852684455751
0.898627779824
0.860641050915
1.42222216013
0.921640716271
0.756730715157
1.10859355778
0.974322989995
0.550922175986
0.416529930701
0.715505747596
1.11253987362
0.754357461628
1.6175169592
1.23195057908
1.22881825131
0.746497434186
