1.5497374773
1.18495659828
1.60107491016
0.790582585335
0.850500512123
1.33472480774
1.18406953812
1.14781889915
0.833456301689
0.991186618805
0.666801095009
1.33668758869
0.956415367126
1.2361232996
0.774483823776
0.879952192307
0.948745012283
1.36572828293
1.55664160252
1.03736255169
1.03863742352
1.20970919132
0.599131917953
1.34890758991
2.34298098087
0.729651713371
1.36746449471
0.717793393135
1.24391562939
1.84519207478
1.03305141926
1.67078719139
1.18568680286
0.768096733093
1.26225860119
1.49481010437
1.45814039707
1.71584558487
1.28848860264
0.83124294281
2.06761238575
1.83659286499
1.03549916744
1.38535358906
1.12268919945
1.22242171764
1.26584734917
0.72910733223
1.74984354973
1.19930548668
1.40369808674
1.49203469753
1.8767539978
1.40146660805
1.82975428104
1.92806813717
1.39844689369
1.51284136772
1.43252773285
1.22413153648
1.19709229469
1.9232872963
0.929092884064
1.70283477306
1.72335364819
2.54959950447
1.27232890129
1.23819305897
1.82027776241
2.09459218979
1.10049161911
2.08925509453
1.34770638943
1.85155673027
1.22757160664
