1.02192559242
1.34359838963
1.71667759418
0.902769088745
0.847437739372
0.617342376709
1.07144639492
1.1215613842
1.74167556763
1.72960929871
0.661217284203
0.769781422615
1.39147028923
1.12330403328
1.44420506954
1.04164011478
1.10945522785
1.7048252821
0.919524502754
1.31053419113
0.984709215164
1.79913437366
1.61311333179
1.31323907375
1.01729724407
1.22988879681
1.56048676968
1.06027562618
1.82204151154
1.62774782181
1.50161826611
3.27035751343
1.21309006214
0.714422297478
1.90607702732
1.36171889305
1.16704754829
1.50913288593
1.9183028698
2.45332942009
1.34735007286
1.15884301662
1.5442663908
1.60085921288
1.58543050289
1.22686111927
1.51472270489
1.92386500835
1.79625706673
1.3806937933
2.03034210205
1.65077598095
1.48494701385
2.00728092194
1.7367161274
1.59488651752
2.2914629221
1.30191459656
1.58774492741
1.7422549963
2.80719459057
1.42032496929
2.00381526947
1.84676873684
1.8136067152
1.64730343819
1.83639364243
1.39289467335
2.67589979172
2.03393952847
1.94687981606
1.60398471355
1.89747943878
1.76740825176
1.52275323868
1.77018766403
1.81120281219
1.95880019665
1.30786693096
1.58787472248
1.95126855373
1.69013063908
1.86974437237
1.76009254456
1.60462040901
2.02638635635
2.27087526321
