992.616268476
843.280122534
922.131699567
936.095711624
889.299982245
985.989609462
940.483365133
823.629366337
876.549987866
897.03011134
894.697954658
881.728166821
1018.93507979
904.984342044
860.134534211
837.642658287
959.393836233
795.680935279
899.85924779
973.382201408
956.78969737
803.060895877
871.728078676
1021.81604222
922.271070197
953.730894536
934.140727377
874.697890561
797.361764344
979.927196815
885.779756514
905.248641323
897.394568565
1012.62499194
933.908616836
953.880267778
961.960047505
871.82472815
948.571665335
971.944393494
847.728423278
961.901064952
918.805688394
887.433408792
942.014963549
899.403205618
874.238089029
907.757349835
957.759408254
995.510482193
834.282301855
922.096593151
979.537642026
1014.46332806
829.944991625
867.091068565
897.565603116
961.550348131
939.90522235
814.353593701
962.571418779
863.812574524
886.245724189
1020.85321933
985.178944621
856.431820002
786.710089482
830.540395197
949.252231823
955.636588362
811.766942158
914.70498768
871.528258527
898.529369209
1041.43341474
