964.8561573
896.016659417
980.434114501
903.839983878
928.87490123
849.996163641
988.835461873
936.698244007
919.556708887
895.014713678
902.589427193
882.356976334
901.219070822
983.102988846
954.577324932
915.433062424
925.039544058
925.128600553
971.008667241
1061.89469086
997.294456616
878.713299539
918.14310056
941.571216271
866.868474045
828.723900154
1011.85166395
931.582839941
859.094722978
966.181171663
998.316529199
885.299716344
876.828709601
847.28211321
926.687428773
951.802858795
817.033140863
1025.13830649
907.84120912
835.185599264
891.839462293
830.700752033
999.778083449
1047.10078039
1061.20488835
978.255517581
907.502679783
908.497703113
1006.00830305
886.744272702
942.694569724
912.197501882
977.571263698
890.477837958
938.868822643
1006.44798449
938.665989917
857.634063036
995.31196985
946.037907702
897.112666339
1025.31062897
887.718866715
942.772440778
893.631936558
874.89745868
1045.16233911
849.930774284
861.923772642
981.853234161
923.382062215
965.212438919
885.118760327
854.154878419
984.921421643
937.66704
874.128459872
1009.4368405
903.732044861
946.583066746
897.327054396
943.113014213
892.31784666
915.686790474
925.406330182
935.469922815
831.985967325
