0.0144837487233
0.0143621446805
0.0144307221138
0.0145007307904
0.0143984116301
0.0145152456457
0.0143424541585
0.0147131984626
0.0145528711554
0.0146062298003
0.0145431657339
0.014455517673
0.0145720305828
0.0147113268026
0.014500534783
0.0144043237107
0.0144829076461
0.0143704515599
0.014655294644
0.0143607124766
0.0141578942906
0.0145234624878
0.0146700945922
0.0144826539666
0.0145833216357
0.0144760366724
0.0144472701689
0.014222538315
0.0146975655695
0.0143089525167
0.0144181423933
0.0143127463244
0.0146251665847
0.0145280648179
0.0144711594859
0.0142881576318
0.014481330263
0.0144690458806
0.0143541125194
0.014456550282
0.0145617695113
0.014681937336
0.0144188699544
0.0144548886679
0.0146501788908
0.0145217018044
0.0142371777513
0.0144233439198
0.0144405340172
0.0146231862597
0.0144043327939
0.0145728484254
0.0147951580229
0.0145556916327
0.0145466817626
0.0144015666987
0.0145313711496
0.0144209122644
0.0145227108899
0.0145459970509
0.0145110983712
0.0145589760975
0.0144370710064
0.0144640276317
0.0144517023248
0.0143696256748
0.014431493924
0.0146968124024
0.0144050953909
0.0146306862889
0.0145959037281
0.014547572923
0.014417048389
0.0145555310572
0.0144452991928
0.014527906113
0.0144309035359
0.0143335569255
0.0145298776062
0.0144926634186
0.0145254857116
0.0142640697243
0.0145903568918
0.0145594104728
0.0146404041351
