0.0145216296308
0.0143475916479
0.0144537110132
0.0146925579988
0.0145620381493
0.0145704112876
0.0145333473446
0.0143545674499
0.0144990982789
0.0143233810062
0.014418178993
0.0146309390344
0.0144698660291
0.0142119392143
0.0143420899548
0.0145309834463
0.0145210638375
0.0144981628565
0.0146832025405
0.0144892466563
0.01435234227
0.0144906244188
0.0146217382551
0.014504758809
0.0145362087228
0.0144939636318
0.0143603856451
0.014419400511
0.0144212387997
0.0143737915604
0.0145373373519
0.0144274227762
0.0146409133334
0.0145198641468
0.0145621065417
0.0146221354774
0.0144493174303
0.0144373253237
0.0146894708015
0.0142152244845
0.0145782579107
0.0145842572069
0.0145569608035
0.0144786239717
0.0144405386461
0.0145440017712
0.014547141505
0.0145422770867
0.0144783482234
0.014315514288
0.0146095459225
0.0145510587332
0.0144377577067
0.0147951914208
0.0144896990386
0.014299086469
0.0144604431501
0.0145126652218
0.0143209382433
0.0143246738992
0.0142495828366
0.0143389554084
0.0144394889739
0.0143135420855
0.014710400805
0.0146078997018
0.0144460997899
0.0142949861315
0.0147679857396
0.0145986287493
0.0143095052519
0.0145008689032
0.0145458483056
0.0147256723914
